Automatically generated mesh
     146
Reciprocal lattice
    0.00000000000000    0.00000000000000    0.00000000000000             1
    0.09090909090909   -0.00000000000000    0.00000000000000             6
    0.18181818181818   -0.00000000000000    0.00000000000000             6
    0.27272727272727    0.00000000000000   -0.00000000000000             6
    0.36363636363636   -0.00000000000000    0.00000000000000             6
    0.45454545454545    0.00000000000000   -0.00000000000000             6
    0.09090909090909    0.09090909090909    0.00000000000000             6
    0.18181818181818    0.09090909090909   -0.00000000000000            12
    0.27272727272727    0.09090909090909    0.00000000000000            12
    0.36363636363636    0.09090909090909    0.00000000000000            12
    0.45454545454545    0.09090909090909    0.00000000000000             6
    0.18181818181818    0.18181818181818    0.00000000000000             6
    0.27272727272727    0.18181818181818    0.00000000000000            12
    0.36363636363636    0.18181818181818   -0.00000000000000            12
    0.27272727272727    0.27272727272727   -0.00000000000000             6
    0.36363636363636    0.27272727272727    0.00000000000000             6
   -0.00000000000000    0.00000000000000    0.09090909090909             6
    0.09090909090909   -0.00000000000000    0.09090909090909            12
    0.18181818181818   -0.00000000000000    0.09090909090909            12
    0.27272727272727    0.00000000000000    0.09090909090909            12
    0.36363636363636   -0.00000000000000    0.09090909090909            12
    0.45454545454545    0.00000000000000    0.09090909090909             6
    0.09090909090909    0.09090909090909    0.09090909090909             6
    0.18181818181818    0.09090909090909    0.09090909090909            12
    0.27272727272727    0.09090909090909    0.09090909090909            12
    0.36363636363636    0.09090909090909    0.09090909090909            12
   -0.09090909090909    0.09090909090909    0.09090909090909             6
    0.18181818181818    0.18181818181818    0.09090909090909             6
    0.27272727272727    0.18181818181818    0.09090909090909            12
    0.36363636363636    0.18181818181818    0.09090909090909             6
   -0.18181818181818    0.18181818181818    0.09090909090909            12
    0.27272727272727    0.27272727272727    0.09090909090909             6
   -0.27272727272727    0.27272727272727    0.09090909090909            12
   -0.18181818181818    0.27272727272727    0.09090909090909             6
   -0.36363636363636    0.36363636363636    0.09090909090909            12
   -0.27272727272727    0.36363636363636    0.09090909090909            12
   -0.45454545454545    0.45454545454545    0.09090909090909            12
   -0.36363636363636    0.45454545454545    0.09090909090909            12
   -0.27272727272727    0.45454545454545    0.09090909090909             6
   -0.45454545454545   -0.45454545454545    0.09090909090909             6
   -0.36363636363636   -0.45454545454546    0.09090909090909            12
   -0.36363636363636   -0.36363636363636    0.09090909090909             2
   -0.00000000000000    0.00000000000000    0.18181818181818             6
    0.09090909090909    0.00000000000000    0.18181818181818            12
    0.18181818181818   -0.00000000000000    0.18181818181818            12
    0.27272727272727    0.00000000000000    0.18181818181818            12
    0.36363636363636   -0.00000000000000    0.18181818181818            12
   -0.09090909090909   -0.00000000000000    0.18181818181818             6
    0.09090909090909    0.09090909090909    0.18181818181818             6
    0.18181818181818    0.09090909090909    0.18181818181818            12
    0.27272727272727    0.09090909090909    0.18181818181818            12
    0.36363636363636    0.09090909090909    0.18181818181818             6
   -0.18181818181818    0.09090909090909    0.18181818181818            12
    0.18181818181818    0.18181818181818    0.18181818181818             6
    0.27272727272727    0.18181818181818    0.18181818181818            12
   -0.27272727272727    0.18181818181818    0.18181818181818            12
   -0.18181818181818    0.18181818181818    0.18181818181818             6
    0.27272727272727    0.27272727272727    0.18181818181818             2
   -0.36363636363636    0.27272727272727    0.18181818181818            12
   -0.27272727272727    0.27272727272727    0.18181818181818            12
   -0.45454545454546    0.36363636363636    0.18181818181818            12
   -0.36363636363636    0.36363636363636    0.18181818181818            12
   -0.27272727272727    0.36363636363636    0.18181818181818             6
    0.45454545454545    0.45454545454545    0.18181818181818             6
   -0.45454545454545    0.45454545454545    0.18181818181818            12
   -0.36363636363636    0.45454545454545    0.18181818181818            12
   -0.45454545454545   -0.45454545454545    0.18181818181818             6
   -0.36363636363636   -0.45454545454545    0.18181818181818             6
   -0.00000000000000    0.00000000000000    0.27272727272727             6
    0.09090909090909    0.00000000000000    0.27272727272727            12
    0.18181818181818    0.00000000000000    0.27272727272727            12
    0.27272727272727    0.00000000000000    0.27272727272727            12
    0.36363636363636    0.00000000000000    0.27272727272727             6
   -0.18181818181818   -0.00000000000000    0.27272727272727            12
    0.09090909090909    0.09090909090909    0.27272727272727             6
    0.18181818181818    0.09090909090909    0.27272727272727            12
    0.27272727272727    0.09090909090909    0.27272727272727            12
   -0.27272727272727    0.09090909090909    0.27272727272727            12
   -0.18181818181818    0.09090909090909    0.27272727272727             6
    0.18181818181818    0.18181818181818    0.27272727272727             6
    0.27272727272727    0.18181818181818    0.27272727272727             6
   -0.36363636363636    0.18181818181818    0.27272727272727            12
   -0.27272727272727    0.18181818181818    0.27272727272727            12
   -0.45454545454545    0.27272727272727    0.27272727272727            12
   -0.36363636363636    0.27272727272727    0.27272727272727            12
   -0.27272727272727    0.27272727272727    0.27272727272727             6
    0.45454545454545    0.36363636363636    0.27272727272727            12
   -0.45454545454545    0.36363636363636    0.27272727272727            12
   -0.36363636363636    0.36363636363636    0.27272727272727            12
    0.45454545454545    0.45454545454545    0.27272727272727             6
   -0.45454545454545    0.45454545454545    0.27272727272727            12
   -0.36363636363636    0.45454545454545    0.27272727272727             6
   -0.45454545454545   -0.45454545454545    0.27272727272727             6
   -0.09090909090909   -0.09090909090909    0.27272727272727             2
   -0.00000000000000    0.00000000000000    0.36363636363636             6
    0.09090909090909    0.00000000000000    0.36363636363636            12
    0.18181818181818    0.00000000000000    0.36363636363636            12
    0.27272727272727    0.00000000000000    0.36363636363636            12
   -0.27272727272727   -0.00000000000000    0.36363636363636            12
   -0.18181818181818   -0.00000000000000    0.36363636363636             6
    0.09090909090909    0.09090909090909    0.36363636363636             6
    0.18181818181818    0.09090909090909    0.36363636363636            12
    0.27272727272727    0.09090909090909    0.36363636363636             6
   -0.36363636363636    0.09090909090909    0.36363636363636            12
   -0.27272727272727    0.09090909090909    0.36363636363636            12
    0.18181818181818    0.18181818181818    0.36363636363636             6
   -0.45454545454545    0.18181818181818    0.36363636363636            12
   -0.36363636363636    0.18181818181818    0.36363636363636            12
   -0.27272727272727    0.18181818181818    0.36363636363636             6
    0.45454545454545    0.27272727272727    0.36363636363636            12
   -0.45454545454545    0.27272727272727    0.36363636363636            12
   -0.36363636363636    0.27272727272727    0.36363636363636            12
    0.36363636363636    0.36363636363636    0.36363636363636             6
    0.45454545454545    0.36363636363636    0.36363636363636            12
   -0.45454545454546    0.36363636363636    0.36363636363636            12
   -0.36363636363636    0.36363636363636    0.36363636363636             6
    0.45454545454545    0.45454545454546    0.36363636363636             6
   -0.45454545454546    0.45454545454545    0.36363636363636            12
   -0.45454545454545   -0.45454545454545    0.36363636363636             2
   -0.09090909090909   -0.18181818181818    0.36363636363636             6
   -0.00000000000000    0.00000000000000    0.45454545454545             6
    0.09090909090909    0.00000000000000    0.45454545454545            12
    0.18181818181818    0.00000000000000    0.45454545454545            12
    0.27272727272727    0.00000000000000    0.45454545454545             6
   -0.36363636363636   -0.00000000000000    0.45454545454545            12
   -0.27272727272727   -0.00000000000000    0.45454545454546            12
    0.09090909090909    0.09090909090909    0.45454545454545             6
    0.18181818181818    0.09090909090909    0.45454545454545            12
   -0.45454545454545    0.09090909090909    0.45454545454545            12
   -0.36363636363636    0.09090909090909    0.45454545454545            12
   -0.27272727272727    0.09090909090909    0.45454545454545             6
    0.18181818181818    0.18181818181818    0.45454545454546             2
    0.45454545454545    0.18181818181818    0.45454545454546            12
   -0.45454545454545    0.18181818181818    0.45454545454545            12
   -0.36363636363636    0.18181818181818    0.45454545454545            12
    0.36363636363636    0.27272727272727    0.45454545454545            12
    0.45454545454545    0.27272727272727    0.45454545454545            12
   -0.45454545454545    0.27272727272727    0.45454545454545            12
   -0.36363636363636    0.27272727272727    0.45454545454545             6
    0.36363636363636    0.36363636363636    0.45454545454546             6
    0.45454545454545    0.36363636363636    0.45454545454545            12
   -0.45454545454546    0.36363636363636    0.45454545454545            12
    0.45454545454545    0.45454545454545    0.45454545454545             6
   -0.45454545454546    0.45454545454545    0.45454545454546             6
   -0.09090909090909   -0.27272727272727    0.45454545454545             6
   -0.18181818181818   -0.18181818181818    0.45454545454545             6
